[0.752, 0.361, 0.425, 0.419, 0.763, 1.579, 0.811, 0.57, 0.37]  addMenuTab times
[0.722, 0.352, 0.408, 0.404, 0.729, 1.523, 0.751, 0.537, 0.327] createMenuEditor times
[0.08, 0.059, 0.057, 0.057, 0.058, 0.06, 0.058, 0.057, 0.056, 
0.056, 0.058, 0.058, 0.06, 0.056, 0.056, 0.057, 0.057, 0.057, 
0.057, 0.058, 0.057, 0.071, 0.055, 0.056, 0.058, 0.057, 0.054, 
0.055, 0.054, 0.056, 0.055, 0.055, 0.056, 0.054, 0.054, 0.054, 
0.053, 0.055, 0.054, 0.055, 0.056, 0.508, 0.056, 0.052, 0.053, 
0.057, 0.055, 0.053, 0.051, 0.052, 0.051, 0.052, 0.051, 0.051, 
0.05, 0.053, 0.052, 0.05, 0.052, 0.053, 0.052, 0.051, 0.051, 
0.054, 0.051, 0.051, 0.052, 0.052, 0.052, 0.052, 0.051, 0.052, 
0.051, 0.053, 0.051, 0.051, 0.053, 0.077, 0.055, 0.056, 0.055, 
0.053, 0.051, 0.053, 0.052, 0.051, 0.052, 0.053, 0.158, 0.055, 
0.056, 0.053, 0.052]											addRow times

[0.003, 0.001, 0, 0, 0, 0, 0, 0, 0, 0.001, 0.001, 0, 0.001, 0, 0, 0, 0.001, 0.001, 0, 0.001, 0.001, 0, 0.001, 
0, 0, 0, 0, 0, 0, 0, 0.001, 0, 0, 0, 0, 0, 0, 0, 0, 0, 0, 0, 0, 0, 0.001, 0, 0, 0.001, 0, 0.001, 0.001, 0.001, 
0.001, 0, 0.001, 0, 0, 0, 0.001, 0, 0, 0.001, 0.001, 0, 0, 0.001, 0.001, 0.001, 0, 0, 0, 0, 0.001, 0.001, 0, 0, 
0, 0.001, 0, 0, 0.001, 0, 0, 0.001, 0, 0, 0, 0, 0, 0, 0.001, 0.001, 0]	create row (except select boxes)

[0.001, 0.001, 0.001, 0.001, 0.001, 0.001, 0.001, 0.001, 0.001, 0.001, 0.001, 0.001, 0.001, 0.001, 0.001, 0.001, 
0.001, 0.001, 0.001, 0.001, 0.001, 0.001, 0.001, 0.001, 0.001, 0.001, 0.001, 0.001, 0.001, 0.001, 0.001, 0.001, 
0.001, 0.001, 0.001, 0.001, 0.001, 0.001, 0.001, 0.001, 0.001, 0.002, 0.001, 0.002, 0.001, 0.001, 0.001, 0.001, 
0.001, 0.001, 0.001, 0.001, 0.001, 0.001, 0.001, 0.001, 0.001, 0.001, 0.001, 0.001, 0.001, 0.001, 0.001, 0.001, 
0.001, 0.001, 0.001, 0.001, 0.001, 0.001, 0.001, 0.001, 0.001, 0.001, 0.001, 0.001, 0.001, 0, 0.001, 0.001, 0.001, 
0.001, 0.001, 0.001, 0.001, 0.001, 0.001, 0.001, 0.002, 0.001, 0.002, 0.001, 0.001]		select apptypes

[0.002, 0.001, 0.001, 0.001, 0.001, 0.001, 0.001, 0.001, 0.002, 0.001, 0.001, 0.001, 0.001, 0.001, 0.001, 0.002, 
0.001, 0.001, 0.002, 0.001, 0.002, 0.001, 0.001, 0.001, 0.002, 0.001, 0.001, 0.001, 0.001, 0.001, 0.001, 0.001, 
0.001, 0.001, 0.001, 0.001, 0.001, 0.001, 0.001, 0.001, 0.002, 0.001, 0.002, 0.001, 0.001, 0.001, 0.001, 0.001, 
0.002, 0.001, 0.001, 0.001, 0.001, 0.002, 0.001, 0.001, 0.001, 0.001, 0.001, 0.002, 0.001, 0.003, 0.002, 0.001, 
0.001, 0.001, 0.001, 0.002, 0.001, 0.001, 0.001, 0.001, 0.001, 0.002, 0.001, 0.001, 0.002, 0.001, 0.001, 0.001, 
0.001, 0.002, 0.001, 0.001, 0.001, 0.001, 0.001, 0.002, 0.001, 0.002, 0.002, 0.002, 0.001]	select submenus


[0.077, 0.053, 0.051, 0.052, 0.052, 0.051, 0.052, 0.051, 0.052, 0.052, 0.051, 0.05, 0.053, 0.051, 0.051, 0.052, 
0.051, 0.051, 0.051, 0.05, 0.054, 0.051, 0.051, 0.051, 0.051, 0.052, 0.05, 0.051, 0.05, 0.051, 0.05, 0.05, 0.052, 
0.051, 0.05, 0.05, 0.05, 0.053, 0.052, 0.054, 0.05, 0.05, 0.494, 0.052, 0.049, 0.052, 0.05, 0.051, 0.049, 0.049, 
0.049, 0.051, 0.049, 0.048, 0.05, 0.048, 0.048, 0.049, 0.053, 0.048, 0.049, 0.05, 0.049, 0.05, 0.049, 0.048, 0.048, 
0.048, 0.051, 0.051, 0.048, 0.048, 0.049, 0.047, 0.048, 0.047, 0.049, 0.052, 0.047, 0.047, 0.049, 0.048, 0.051, 
0.049, 0.048, 0.048, 0.054, 0.053, 0.053, 0.048, 0.061, 0.051, 0.054]					select icon (image picker)   <=== the bottle neck


[0.008, 0.006, 0.006, 0.007, 0.006, 0.006, 0.006, 0.006, 0.006, 0.006, 0.007, 0.006, 0.006, 0.01, 0.007, 0.006, 
0.006, 0.006, 0.006, 0.006, 0.006, 0.006, 0.006, 0.006, 0.006, 0.006, 0.006, 0.006, 0.006, 0.008, 0.007, 0.006, 
0.006, 0.007, 0.006, 0.006, 0.006, 0.006, 0.006, 0.007, 0.007, 0.006, 0.006, 0.006, 0.006, 0.006, 0.006, 0.006, 
0.006, 0.006, 0.006, 0.006, 0.006, 0.006, 0.007, 0.006, 0.006, 0.007, 0.007, 0.007, 0.006, 0.006, 0.006, 0.006, 
0.006, 0.006, 0.006, 0.006, 0.006, 0.006, 0.006, 0.006, 0.006, 0.006, 0.006, 0.006, 0.006, 0.006, 0.006, 0.005, 
0.006, 0.006, 0.006, 0.006, 0.006, 0.005, 0.006, 0.006, 0.006, 0.006, 0.006, 0.006, 0.006]		select icons without imagepicker


imagepicker moved to init when image clicked, final menu init times are:
[0.025, 0.021, 0.025, 0.023, 0.029, 0.036, 0.032, 0.029, 0.029]

icon option addition moved from each loop to after it. Options collected in string in the loop
[0.021, 0.017, 0.018, 0.017, 0.024, 0.028, 0.026, 0.024, 0.021]

After all options collected in strings before append
[0.049, 0.024, 0.026, 0.026, 0.041, 0.055, 0.047, 0.038, 0.03]
 [0.044, 0.026, 0.03, 0.028, 0.045, 0.059, 0.048, 0.038, 0.032]
 
 [0.044, 0.024, 0.026, 0.026, 0.04, 0.05, 0.042, 0.034, 0.027]
 [0.042, 0.024, 0.025, 0.026, 0.044, 0.052, 0.043, 0.037, 0.028]


